     1     6.0477291270E-01   -4.2294048770E-02    0.0000000000E+00
     2    -3.9279065134E-01    2.7469377912E-02    0.0000000000E+00
     3    -2.9973857176E-01    2.1514556464E-01    0.0000000000E+00
     4     6.2004189552E-01    1.5624114617E-01    0.0000000000E+00
     5    -2.6681397675E-01    2.1713409731E-01    0.0000000000E+00
     6    -2.3384860157E-01    2.1838431146E-01    0.0000000000E+00
     7    -2.0086430929E-01    2.1903024169E-01    0.0000000000E+00
     8    -1.6787490920E-01    2.1898213649E-01    0.0000000000E+00
     9    -1.3490092129E-01    2.1800298056E-01    0.0000000000E+00
    10    -1.0196685324E-01    2.1609763718E-01    0.0000000000E+00
    11    -6.9088087512E-02    2.1339564279E-01    0.0000000000E+00
    12    -3.6270867118E-02    2.1002452034E-01    0.0000000000E+00
    13    -3.5141826854E-03    2.0610713427E-01    0.0000000000E+00
    14     2.9188562978E-02    2.0176169653E-01    0.0000000000E+00
    15     6.1848082025E-02    1.9710218085E-01    0.0000000000E+00
    16     9.4476964413E-02    1.9223914887E-01    0.0000000000E+00
    17     1.2709585106E-01    1.8727948683E-01    0.0000000000E+00
    18     1.5971440196E-01    1.8233007146E-01    0.0000000000E+00
    19     1.9234869336E-01    1.7749591906E-01    0.0000000000E+00
    20     2.2501382882E-01    1.7288205541E-01    0.0000000000E+00
    21     2.5772289301E-01    1.6859437737E-01    0.0000000000E+00
    22     2.9048583498E-01    1.6474037836E-01    0.0000000000E+00
    23     3.2330831118E-01    1.6142965936E-01    0.0000000000E+00
    24     3.5619048656E-01    1.5877414516E-01    0.0000000000E+00
    25     3.8912580238E-01    1.5688791621E-01    0.0000000000E+00
    26     4.2209957024E-01    1.5587826956E-01    0.0000000000E+00
    27     4.5508851108E-01    1.5564286757E-01    0.0000000000E+00
    28     4.8807797882E-01    1.5585608129E-01    0.0000000000E+00
    29     5.2106862523E-01    1.5618014542E-01    0.0000000000E+00
    30     5.5405526128E-01    1.5630788699E-01    0.0000000000E+00
    31     5.8704648528E-01    1.5626114256E-01    0.0000000000E+00
    32    -5.9375000000E-01    4.4558476875E-02    0.0000000000E+00
    33    -5.2404494092E-01    1.6003116605E-01    0.0000000000E+00
    34    -4.2804623778E-01    1.9668362948E-01    0.0000000000E+00
    35    -3.5414320583E-01    2.0979546595E-01    0.0000000000E+00
    36     5.4225852544E-01   -2.6979734737E-02    0.0000000000E+00
    37     5.7354061319E-01   -3.4535348321E-02    0.0000000000E+00
    38    -2.8429883993E-01    7.9694171176E-02    0.0000000000E+00
    39     5.1093067830E-01   -1.9616082849E-02    0.0000000000E+00
    40     4.7956043569E-01   -1.2435179922E-02    0.0000000000E+00
    41     4.4815051609E-01   -5.4298641847E-03    0.0000000000E+00
    42     4.1670308696E-01    1.4051421242E-03    0.0000000000E+00
    43     3.8521970705E-01    8.0725830602E-03    0.0000000000E+00
    44     3.5370145610E-01    1.4573137537E-02    0.0000000000E+00
    45     3.2214890677E-01    2.0905120460E-02    0.0000000000E+00
    46     2.9056214757E-01    2.7064276462E-02    0.0000000000E+00
    47     2.5894087455E-01    3.3043634540E-02    0.0000000000E+00
    48     2.2728437151E-01    3.8833520627E-02    0.0000000000E+00
    49     1.9559157683E-01    4.4421187343E-02    0.0000000000E+00
    50     1.6386114615E-01    4.9790888623E-02    0.0000000000E+00
    51     1.3209144363E-01    5.4923018014E-02    0.0000000000E+00
    52     1.0028074011E-01    5.9794456929E-02    0.0000000000E+00
    53     6.8427238452E-02    6.4377441069E-02    0.0000000000E+00
    54     3.6529288351E-02    6.8639520837E-02    0.0000000000E+00
    55     4.5854763321E-03    7.2542665556E-02    0.0000000000E+00
    56    -2.7404984223E-02    7.6041679182E-02    0.0000000000E+00
    57    -5.9442057694E-02    7.9083693825E-02    0.0000000000E+00
    58    -9.1524136453E-02    8.1605429018E-02    0.0000000000E+00
    59    -1.2364724674E-01    8.3530332109E-02    0.0000000000E+00
    60    -1.5580394666E-01    8.4764448822E-02    0.0000000000E+00
    61    -1.8798101494E-01    8.5188574756E-02    0.0000000000E+00
    62    -2.2015549955E-01    8.4646297325E-02    0.0000000000E+00
    63    -2.5228678043E-01    8.2921749150E-02    0.0000000000E+00
    64    -3.1603327982E-01    7.4435771232E-02    0.0000000000E+00
    65    -3.4708480508E-01    6.6133184089E-02    0.0000000000E+00
    66    -3.7593932287E-01    5.2319953652E-02    0.0000000000E+00
    67    -3.9902127139E-01    2.7998351044E-02    0.0000000000E+00
    68    -4.0649429707E-01    2.8633872296E-02    0.0000000000E+00
    69    -4.2735268552E-01    3.0407711934E-02    0.0000000000E+00
    70    -4.5154841612E-01    3.2465365913E-02    0.0000000000E+00
    71    -4.7961546362E-01    3.4852244529E-02    0.0000000000E+00
    72    -5.1217323872E-01    3.7621023724E-02    0.0000000000E+00
    73    -5.4994025783E-01    4.0832807591E-02    0.0000000000E+00
    74     5.9978872204E-01   -1.2209963760E-01    0.0000000000E+00
    75     6.0352843051E-01   -6.2245221899E-02    0.0000000000E+00
    76     6.0228186102E-01   -8.2196693800E-02    0.0000000000E+00
    77     6.0103529153E-01   -1.0214816570E-01    0.0000000000E+00
    78     6.0583990602E-01   -2.8445420090E-02    0.0000000000E+00
    79     6.0707715030E-01   -1.2355956196E-02    0.0000000000E+00
    80     6.0851462307E-01    6.3373339037E-03    0.0000000000E+00
    81     6.1018472816E-01    2.8055838451E-02    0.0000000000E+00
    82     6.1212511343E-01    5.3289140734E-02    0.0000000000E+00
    83     6.1437951949E-01    8.2606055381E-02    0.0000000000E+00
    84     6.1699876565E-01    1.1666745071E-01    0.0000000000E+00
    85    -2.8405179923E-01    8.6025914025E-02    0.0000000000E+00
    86    -2.8514985090E-01    9.4414124919E-02    0.0000000000E+00
    87    -3.1763283699E-01    8.0626365419E-02    0.0000000000E+00
    88    -3.2082748021E-01    8.7795828487E-02    0.0000000000E+00
    89    -3.5020875825E-01    7.1136311481E-02    0.0000000000E+00
    90    -3.5520604131E-01    7.6728910344E-02    0.0000000000E+00
    91    -3.8059742471E-01    5.5815082722E-02    0.0000000000E+00
    92    -3.8722639544E-01    5.9314242744E-02    0.0000000000E+00
    93     5.4354818893E-01   -2.0866662895E-02    0.0000000000E+00
    94     5.4536599728E-01   -1.1669587393E-02    0.0000000000E+00
    95     5.4809663913E-01    2.1252486459E-03    0.0000000000E+00
    96    -2.8697511824E-01    1.0835766483E-01    0.0000000000E+00
    97     5.1248704514E-01   -1.3559178375E-02    0.0000000000E+00
    98     5.1464995057E-01   -4.4370917116E-03    0.0000000000E+00
    99     5.1789439413E-01    9.2460180325E-03    0.0000000000E+00
   100     4.8112449052E-01   -6.3800741931E-03    0.0000000000E+00
   101     4.8324288069E-01    2.7524527334E-03    0.0000000000E+00
   102     4.8642051148E-01    1.6451232564E-02    0.0000000000E+00
   103     4.4971306616E-01    6.2383531334E-04    0.0000000000E+00
   104     4.5177362883E-01    9.7695833112E-03    0.0000000000E+00
   105     4.5486447073E-01    2.3488205788E-02    0.0000000000E+00
   106     4.1826746101E-01    7.4619499038E-03    0.0000000000E+00
   107     4.2027347999E-01    1.6619816078E-02    0.0000000000E+00
   108     4.2328250840E-01    3.0356615351E-02    0.0000000000E+00
   109     3.8681432421E-01    1.4121578498E-02    0.0000000000E+00
   110     3.8880984673E-01    2.3281737605E-02    0.0000000000E+00
   111     3.9180314734E-01    3.7021972599E-02    0.0000000000E+00
   112     3.5529550157E-01    2.0625724969E-02    0.0000000000E+00
   113     3.5723286544E-01    2.9798360699E-02    0.0000000000E+00
   114     3.6013894704E-01    4.3557306732E-02    0.0000000000E+00
   115     3.2373099708E-01    2.6962630444E-02    0.0000000000E+00
   116     3.2559334574E-01    3.6150790350E-02    0.0000000000E+00
   117     3.2838688469E-01    4.9933026974E-02    0.0000000000E+00
   118     2.9213060000E-01    3.3129583963E-02    0.0000000000E+00
   119     2.9391459203E-01    4.2333278734E-02    0.0000000000E+00
   120     2.9659058216E-01    5.6138820486E-02    0.0000000000E+00
   121     2.6050201059E-01    3.9110270139E-02    0.0000000000E+00
   122     2.6221851899E-01    4.8326789216E-02    0.0000000000E+00
   123     2.6479331865E-01    6.2151560931E-02    0.0000000000E+00
   124     2.2882575539E-01    4.4905164772E-02    0.0000000000E+00
   125     2.3045562289E-01    5.4137399438E-02    0.0000000000E+00
   126     2.3290043831E-01    6.7985748938E-02    0.0000000000E+00
   127     1.9711212911E-01    5.0498150380E-02    0.0000000000E+00
   128     1.9865358448E-01    5.9745557604E-02    0.0000000000E+00
   129     2.0096576838E-01    7.3616668294E-02    0.0000000000E+00
   130     1.6539048983E-01    5.5869962846E-02    0.0000000000E+00
   131     1.6688751929E-01    6.5124665856E-02    0.0000000000E+00
   132     1.6913314057E-01    7.9006707900E-02    0.0000000000E+00
   133     1.3360509589E-01    6.1010735915E-02    0.0000000000E+00
   134     1.3502032817E-01    7.0278299919E-02    0.0000000000E+00
   135     1.3714329130E-01    8.4179628412E-02    0.0000000000E+00
   136     1.0175854839E-01    6.5864601169E-02    0.0000000000E+00
   137     1.0306199298E-01    7.5106852288E-02    0.0000000000E+00
   138     1.0501723644E-01    8.8970218169E-02    0.0000000000E+00
   139     6.9859635888E-02    7.0445784862E-02    0.0000000000E+00
   140     7.1036700631E-02    7.9684169194E-02    0.0000000000E+00
   141     7.2802298100E-02    9.3541745637E-02    0.0000000000E+00
   142     3.7955999748E-02    7.4702607569E-02    0.0000000000E+00
   143     3.9066042783E-02    8.3928491594E-02    0.0000000000E+00
   144     4.0731261740E-02    9.7767299050E-02    0.0000000000E+00
   145     5.9829862029E-03    7.8602327275E-02    0.0000000000E+00
   146     6.9909858038E-03    8.7819150262E-02    0.0000000000E+00
   147     8.5032616181E-03    1.0164435451E-01    0.0000000000E+00
   148    -2.6051410002E-02    8.2099358575E-02    0.0000000000E+00
   149    -2.5167510390E-02    9.1308170687E-02    0.0000000000E+00
   150    -2.3841325764E-02    1.0512135668E-01    0.0000000000E+00
   151    -5.8169241959E-02    8.5153111600E-02    0.0000000000E+00
   152    -5.7466211312E-02    9.4356790719E-02    0.0000000000E+00
   153    -5.6411465734E-02    1.0816229414E-01    0.0000000000E+00
   154    -9.0339911444E-02    8.7678179325E-02    0.0000000000E+00
   155    -8.9828110606E-02    9.6873794356E-02    0.0000000000E+00
   156    -8.9060224650E-02    1.1066720663E-01    0.0000000000E+00
   157    -1.2257011276E-01    8.9606230881E-02    0.0000000000E+00
   158    -1.2227690231E-01    9.8790754312E-02    0.0000000000E+00
   159    -1.2183671550E-01    1.1256752760E-01    0.0000000000E+00
   160    -1.5484288954E-01    9.0848470838E-02    0.0000000000E+00
   161    -1.5478162704E-01    1.0001682452E-01    0.0000000000E+00
   162    -1.5468923478E-01    1.1376935170E-01    0.0000000000E+00
   163    -1.8717656095E-01    9.1286628556E-02    0.0000000000E+00
   164    -1.8740717919E-01    1.0043163535E-01    0.0000000000E+00
   165    -1.8775223846E-01    1.1414916741E-01    0.0000000000E+00
   166    -2.1951943001E-01    9.0751359087E-02    0.0000000000E+00
   167    -2.2005772471E-01    9.9862741913E-02    0.0000000000E+00
   168    -2.2086396427E-01    1.1352988714E-01    0.0000000000E+00
   169    -2.5182989418E-01    8.9040164731E-02    0.0000000000E+00
   170    -2.5268827806E-01    9.8106245012E-02    0.0000000000E+00
   171    -2.5397417449E-01    1.1170552434E-01    0.0000000000E+00
   172     5.7489918545E-01   -2.7298531495E-02    0.0000000000E+00
   173     5.7661933824E-01   -1.5916547273E-02    0.0000000000E+00
   174     5.7846996933E-01   -6.3315110313E-05    0.0000000000E+00
   175    -3.2643032705E-01    1.0307593189E-01    0.0000000000E+00
   176    -3.6453732813E-01    9.0257635919E-02    0.0000000000E+00
   177    -4.0034537399E-01    6.7855766381E-02    0.0000000000E+00
   178    -4.1758982499E-01    7.8760105444E-02    0.0000000000E+00
   179    -3.7547853744E-01    1.0563384028E-01    0.0000000000E+00
   180    -3.3302865714E-01    1.2016879186E-01    0.0000000000E+00
   181    -2.9237585579E-01    1.2663373353E-01    0.0000000000E+00
   182    -2.5711118816E-01    1.3004176351E-01    0.0000000000E+00
   183    -2.2347177009E-01    1.3206573131E-01    0.0000000000E+00
   184    -1.9023592039E-01    1.3280657734E-01    0.0000000000E+00
   185    -1.5716969520E-01    1.3253175619E-01    0.0000000000E+00
   186    -1.2426546336E-01    1.3140387194E-01    0.0000000000E+00
   187    -9.1460336300E-02    1.2953747916E-01    0.0000000000E+00
   188    -5.8763104818E-02    1.2702884864E-01    0.0000000000E+00
   189    -2.6163030824E-02    1.2396542957E-01    0.0000000000E+00
   190     6.2821845687E-03    1.2044292884E-01    0.0000000000E+00
   191     3.8613675263E-02    1.1651982822E-01    0.0000000000E+00
   192     7.0842579762E-02    1.1225395775E-01    0.0000000000E+00
   193     1.0309966448E-01    1.0768123007E-01    0.0000000000E+00
   194     1.3530860757E-01    1.0287841254E-01    0.0000000000E+00
   195     1.6742906009E-01    9.7813125056E-02    0.0000000000E+00
   196     1.9945852467E-01    9.2569091138E-02    0.0000000000E+00
   197     2.3151184294E-01    8.7174438331E-02    0.0000000000E+00
   198     2.6355106001E-01    8.1668106163E-02    0.0000000000E+00
   199     2.9554472494E-01    7.6084873325E-02    0.0000000000E+00
   200     3.2752351453E-01    7.0441757906E-02    0.0000000000E+00
   201     3.5947055192E-01    6.4764588412E-02    0.0000000000E+00
   202     3.9135864744E-01    5.9067669846E-02    0.0000000000E+00
   203     4.2315425961E-01    5.3350625341E-02    0.0000000000E+00
   204     4.5493808781E-01    4.7568739436E-02    0.0000000000E+00
   205     4.8663445865E-01    4.1770500462E-02    0.0000000000E+00
   206     5.1810466416E-01    3.6748516227E-02    0.0000000000E+00
   207     5.4901031352E-01    3.1306410464E-02    0.0000000000E+00
   208     5.7963332808E-01    2.7263936521E-02    0.0000000000E+00
   209    -4.3817206997E-01    9.1932908144E-02    0.0000000000E+00
   210    -3.8792391806E-01    1.2345233505E-01    0.0000000000E+00
   211    -3.3959394799E-01    1.3875124907E-01    0.0000000000E+00
   212    -2.9714162275E-01    1.4641739004E-01    0.0000000000E+00
   213    -2.6040064682E-01    1.4981139984E-01    0.0000000000E+00
   214    -2.2624375577E-01    1.5187373891E-01    0.0000000000E+00
   215    -1.9285799342E-01    1.5269318390E-01    0.0000000000E+00
   216    -1.5975579866E-01    1.5250364866E-01    0.0000000000E+00
   217    -1.2681154220E-01    1.5143798108E-01    0.0000000000E+00
   218    -9.3971179887E-02    1.4959915149E-01    0.0000000000E+00
   219    -6.1227801777E-02    1.4708336437E-01    0.0000000000E+00
   220    -2.8579658159E-02    1.4398854511E-01    0.0000000000E+00
   221     3.9522443702E-03    1.4041240804E-01    0.0000000000E+00
   222     3.6385980322E-02    1.3643149014E-01    0.0000000000E+00
   223     6.8741383269E-02    1.3211542787E-01    0.0000000000E+00
   224     1.0107959604E-01    1.2752213699E-01    0.0000000000E+00
   225     1.3338328637E-01    1.2271970795E-01    0.0000000000E+00
   226     1.6563250450E-01    1.1773587599E-01    0.0000000000E+00
   227     1.9783040004E-01    1.1263672229E-01    0.0000000000E+00
   228     2.3002986231E-01    1.0747422687E-01    0.0000000000E+00
   229     2.6222842183E-01    1.0229931865E-01    0.0000000000E+00
   230     2.9441260902E-01    9.7160058412E-02    0.0000000000E+00
   231     3.2658965925E-01    9.2095842194E-02    0.0000000000E+00
   232     3.5875065403E-01    8.7142987031E-02    0.0000000000E+00
   233     3.9087936523E-01    8.2320445350E-02    0.0000000000E+00
   234     4.2295811167E-01    7.7614474900E-02    0.0000000000E+00
   235     4.5499148138E-01    7.2976696575E-02    0.0000000000E+00
   236     4.8691183231E-01    6.9037162013E-02    0.0000000000E+00
   237     5.1864598418E-01    6.4255090769E-02    0.0000000000E+00
   238     5.5005076226E-01    6.0633560225E-02    0.0000000000E+00
   239     5.8119544126E-01    5.6652595541E-02    0.0000000000E+00
   240    -4.6199253598E-01    1.0809402398E-01    0.0000000000E+00
   241    -4.0098010931E-01    1.4381764927E-01    0.0000000000E+00
   242    -3.4634349671E-01    1.6031516096E-01    0.0000000000E+00
   243    -3.0047757205E-01    1.6734828027E-01    0.0000000000E+00
   244    -2.6310407292E-01    1.7046949214E-01    0.0000000000E+00
   245    -2.2881339424E-01    1.7237595374E-01    0.0000000000E+00
   246    -1.9542440813E-01    1.7320457871E-01    0.0000000000E+00
   247    -1.6232555138E-01    1.7305998818E-01    0.0000000000E+00
   248    -1.2936222286E-01    1.7202628777E-01    0.0000000000E+00
   249    -9.6490529594E-02    1.7018792986E-01    0.0000000000E+00
   250    -6.3703320569E-02    1.6763737354E-01    0.0000000000E+00
   251    -3.1002269012E-02    1.6447923770E-01    0.0000000000E+00
   252     1.6045789489E-03    1.6082268896E-01    0.0000000000E+00
   253     3.4129087255E-02    1.5675607071E-01    0.0000000000E+00
   254     6.6546829731E-02    1.5279627196E-01    0.0000000000E+00
   255     9.8957868519E-02    1.4838693319E-01    0.0000000000E+00
   256     1.3136096895E-01    1.4362170537E-01    0.0000000000E+00
   257     1.6373695621E-01    1.3870421053E-01    0.0000000000E+00
   258     1.9608950534E-01    1.3373812408E-01    0.0000000000E+00
   259     2.2844543066E-01    1.2879902379E-01    0.0000000000E+00
   260     2.6081280368E-01    1.2395545030E-01    0.0000000000E+00
   261     2.9318918428E-01    1.1927280551E-01    0.0000000000E+00
   262     3.2557569694E-01    1.1481141786E-01    0.0000000000E+00
   263     3.5796650279E-01    1.1062466256E-01    0.0000000000E+00
   264     3.9035057431E-01    1.0674476991E-01    0.0000000000E+00
   265     4.2271208134E-01    1.0315817938E-01    0.0000000000E+00
   266     4.5503196252E-01    9.9820782681E-02    0.0000000000E+00
   267     4.8726446368E-01    9.6698533188E-02    0.0000000000E+00
   268     5.1935325651E-01    9.3885360644E-02    0.0000000000E+00
   269     5.5123956666E-01    9.0188223969E-02    0.0000000000E+00
   270     5.8293841099E-01    8.7278597294E-02    0.0000000000E+00
   271    -4.8983011974E-01    1.2903921469E-01    0.0000000000E+00
   272    -4.1461654388E-01    1.6796752489E-01    0.0000000000E+00
   273    -3.5143749951E-01    1.8380704623E-01    0.0000000000E+00
   274    -3.0192897590E-01    1.9025934996E-01    0.0000000000E+00
   275    -2.6529212702E-01    1.9293784451E-01    0.0000000000E+00
   276    -2.3130183732E-01    1.9440865004E-01    0.0000000000E+00
   277    -1.9807722932E-01    1.9524290255E-01    0.0000000000E+00
   278    -1.6502102860E-01    1.9513993505E-01    0.0000000000E+00
   279    -1.3205031897E-01    1.9413138665E-01    0.0000000000E+00
   280    -9.9147970750E-02    1.9227087971E-01    0.0000000000E+00
   281    -6.6316303744E-02    1.8966592672E-01    0.0000000000E+00
   282    -3.3558029883E-02    1.8641919682E-01    0.0000000000E+00
   283    -8.7660092269E-04    1.8265269007E-01    0.0000000000E+00
   284     3.1736824596E-02    1.7846892988E-01    0.0000000000E+00
   285     6.4298113937E-02    1.7396505077E-01    0.0000000000E+00
   286     9.6781226087E-02    1.6972208811E-01    0.0000000000E+00
   287     1.2928577235E-01    1.6494214716E-01    0.0000000000E+00
   288     1.6178283514E-01    1.6004140211E-01    0.0000000000E+00
   289     1.9427788465E-01    1.5516402697E-01    0.0000000000E+00
   290     2.2678813740E-01    1.5040639123E-01    0.0000000000E+00
   291     2.5932475548E-01    1.4585579172E-01    0.0000000000E+00
   292     2.9189220854E-01    1.4159740031E-01    0.0000000000E+00
   293     3.2449223654E-01    1.3771467883E-01    0.0000000000E+00
   294     3.5712095387E-01    1.3428712405E-01    0.0000000000E+00
   295     3.8977013639E-01    1.3137839311E-01    0.0000000000E+00
   296     4.2242623932E-01    1.2900546379E-01    0.0000000000E+00
   297     4.5506683918E-01    1.2706242308E-01    0.0000000000E+00
   298     4.8765864157E-01    1.2543981467E-01    0.0000000000E+00
   299     5.2017268819E-01    1.2406832009E-01    0.0000000000E+00
   300     5.5258950371E-01    1.2254919298E-01    0.0000000000E+00
   301     5.8486380592E-01    1.1959293408E-01    0.0000000000E+00
   302     1.6875000000E+00    1.8809244016E-01    0.0000000000E+00
   303     6.6998599163E-01    1.5637870195E-01    0.0000000000E+00
   304     7.2492341962E-01    1.5675402315E-01    0.0000000000E+00
   305     7.8535229106E-01    1.5742325000E-01    0.0000000000E+00
   306     8.5182019244E-01    1.5845004851E-01    0.0000000000E+00
   307     9.2492912763E-01    1.5990514821E-01    0.0000000000E+00
   308     1.0053410047E+00    1.6186504834E-01    0.0000000000E+00
   309     1.0937837521E+00    1.6440947109E-01    0.0000000000E+00
   310     1.1910581714E+00    1.6761697101E-01    0.0000000000E+00
   311     1.2980456441E+00    1.7155787509E-01    0.0000000000E+00
   312     1.4157168502E+00    1.7628340716E-01    0.0000000000E+00
   313     1.5451416152E+00    1.8180940633E-01    0.0000000000E+00
   314     1.6875000000E+00   -2.0024458522E-01    0.0000000000E+00
   315     6.5065370725E-01   -1.2575395441E-01    0.0000000000E+00
   316     7.0660519100E-01   -1.2977370290E-01    0.0000000000E+00
   317     7.6815182312E-01   -1.3419542624E-01    0.0000000000E+00
   318     8.3585311850E-01   -1.3905932191E-01    0.0000000000E+00
   319     9.1032454338E-01   -1.4440960715E-01    0.0000000000E+00
   320     9.9224311075E-01   -1.5029492091E-01    0.0000000000E+00
   321     1.0823535348E+00   -1.5676876606E-01    0.0000000000E+00
   322     1.1814750013E+00   -1.6388999571E-01    0.0000000000E+00
   323     1.2905086145E+00   -1.7172334833E-01    0.0000000000E+00
   324     1.4104455889E+00   -1.8034003621E-01    0.0000000000E+00
   325     1.5423762609E+00   -1.8981839289E-01    0.0000000000E+00
   326     3.2500000000E+00   -3.1250000000E-01    0.0000000000E+00
   327     1.8615466723E+00   -2.1274870131E-01    0.0000000000E+00
   328     2.0634408121E+00   -2.2725347597E-01    0.0000000000E+00
   329     2.2976380142E+00   -2.4407901457E-01    0.0000000000E+00
   330     2.5693067687E+00   -2.6359663935E-01    0.0000000000E+00
   331     2.8844425239E+00   -2.8623708409E-01    0.0000000000E+00
   332     3.2500000000E+00    3.1250000000E-01    0.0000000000E+00
   333     1.8615466723E+00    2.0195018211E-01    0.0000000000E+00
   334     2.0634408121E+00    2.1802516276E-01    0.0000000000E+00
   335     2.2976380142E+00    2.3667214033E-01    0.0000000000E+00
   336     2.5693067687E+00    2.5830263430E-01    0.0000000000E+00
   337     2.8844425239E+00    2.8339400731E-01    0.0000000000E+00
   338     4.5000000000E+00   -1.2500000000E+00    0.0000000000E+00
   339     3.2500000000E+00   -1.2500000000E+00    0.0000000000E+00
   340     4.0833333333E+00   -1.2500000000E+00    0.0000000000E+00
   341     3.6666666667E+00   -1.2500000000E+00    0.0000000000E+00
   342     3.2500000000E+00    1.2500000000E+00    0.0000000000E+00
   343     4.5000000000E+00    1.2500000000E+00    0.0000000000E+00
   344     3.6666666667E+00    1.2500000000E+00    0.0000000000E+00
   345     4.0833333333E+00    1.2500000000E+00    0.0000000000E+00
   346     5.4375000000E+00   -1.2500000000E+00    0.0000000000E+00
   347     4.9687500000E+00   -1.2500000000E+00    0.0000000000E+00
   348     5.4375000000E+00    1.2500000000E+00    0.0000000000E+00
   349     4.9687500000E+00    1.2500000000E+00    0.0000000000E+00
   350     1.6875000000E+00    1.5573102138E-01    0.0000000000E+00
   351     1.6875000000E+00    1.2336960260E-01    0.0000000000E+00
   352     1.6875000000E+00    9.1008183813E-02    0.0000000000E+00
   353     1.6875000000E+00    5.8646765033E-02    0.0000000000E+00
   354     1.6875000000E+00    2.6285346251E-02    0.0000000000E+00
   355     1.6875000000E+00   -6.0760725311E-03    0.0000000000E+00
   356     1.6875000000E+00   -3.8437491313E-02    0.0000000000E+00
   357     1.6875000000E+00   -7.0798910094E-02    0.0000000000E+00
   358     1.6875000000E+00   -1.0316032887E-01    0.0000000000E+00
   359     1.6875000000E+00   -1.3552174766E-01    0.0000000000E+00
   360     1.6875000000E+00   -1.6788316644E-01    0.0000000000E+00
   361     6.5184387525E-01   -1.0531972849E-01    0.0000000000E+00
   362     7.0773327200E-01   -1.0879385381E-01    0.0000000000E+00
   363     7.6921147825E-01   -1.1259832013E-01    0.0000000000E+00
   364     8.3683726219E-01   -1.1676340931E-01    0.0000000000E+00
   365     9.1122523875E-01   -1.2132220369E-01    0.0000000000E+00
   366     9.9305145456E-01   -1.2631096789E-01    0.0000000000E+00
   367     1.0830595373E+00   -1.3176965453E-01    0.0000000000E+00
   368     1.1820674695E+00   -1.3774259315E-01    0.0000000000E+00
   369     1.2909750539E+00   -1.4427944925E-01    0.0000000000E+00
   370     1.4107721471E+00   -1.5143658295E-01    0.0000000000E+00
   371     1.5425477437E+00   -1.5927899836E-01    0.0000000000E+00
   372     6.5303404319E-01   -8.4885502587E-02    0.0000000000E+00
   373     7.0886135306E-01   -8.7814004737E-02    0.0000000000E+00
   374     7.7027113331E-01   -9.1001214056E-02    0.0000000000E+00
   375     8.3782140587E-01   -9.4467496731E-02    0.0000000000E+00
   376     9.1212593419E-01   -9.8234800281E-02    0.0000000000E+00
   377     9.9385979844E-01   -1.0232701492E-01    0.0000000000E+00
   378     1.0837655398E+00   -1.0677054308E-01    0.0000000000E+00
   379     1.1826599377E+00   -1.1159519066E-01    0.0000000000E+00
   380     1.2914414933E+00   -1.1683555024E-01    0.0000000000E+00
   381     1.4110987052E+00   -1.2253312975E-01    0.0000000000E+00
   382     1.5427192265E+00   -1.2873960387E-01    0.0000000000E+00
   383     6.5422421119E-01   -6.4451276688E-02    0.0000000000E+00
   384     7.0998943406E-01   -6.6834155675E-02    0.0000000000E+00
   385     7.7133078844E-01   -6.9404107994E-02    0.0000000000E+00
   386     8.3880554962E-01   -7.2171584200E-02    0.0000000000E+00
   387     9.1302662956E-01   -7.5147396919E-02    0.0000000000E+00
   388     9.9466814225E-01   -7.8343062012E-02    0.0000000000E+00
   389     1.0844715423E+00   -8.1771431700E-02    0.0000000000E+00
   390     1.1832524059E+00   -8.5447788262E-02    0.0000000000E+00
   391     1.2919079327E+00   -8.9391651319E-02    0.0000000000E+00
   392     1.4114252634E+00   -9.3629676619E-02    0.0000000000E+00
   393     1.5428907093E+00   -9.8200209412E-02    0.0000000000E+00
   394     6.5541437913E-01   -4.4017050791E-02    0.0000000000E+00
   395     7.1111751506E-01   -4.5854306629E-02    0.0000000000E+00
   396     7.7239044356E-01   -4.7807001961E-02    0.0000000000E+00
   397     8.3978969331E-01   -4.9875671699E-02    0.0000000000E+00
   398     9.1392732494E-01   -5.2059993609E-02    0.0000000000E+00
   399     9.9547648612E-01   -5.4359109173E-02    0.0000000000E+00
   400     1.0851775448E+00   -5.6772320400E-02    0.0000000000E+00
   401     1.1838448741E+00   -5.9300385938E-02    0.0000000000E+00
   402     1.2923743721E+00   -6.1947752469E-02    0.0000000000E+00
   403     1.4117518216E+00   -6.4726223544E-02    0.0000000000E+00
   404     1.5430621921E+00   -6.7660815000E-02    0.0000000000E+00
   405     6.5643083250E-01   -2.9372390920E-02    0.0000000000E+00
   406     7.1208070838E-01   -3.0326698949E-02    0.0000000000E+00
   407     7.7329503512E-01   -3.1299098517E-02    0.0000000000E+00
   408     8.4062972681E-01   -3.2277831782E-02    0.0000000000E+00
   409     9.1469613419E-01   -3.3248510072E-02    0.0000000000E+00
   410     9.9616658500E-01   -3.4194237552E-02    0.0000000000E+00
   411     1.0857805039E+00   -3.5096162767E-02    0.0000000000E+00
   412     1.1843511914E+00   -3.5934747307E-02    0.0000000000E+00
   413     1.2927733508E+00   -3.6692197521E-02    0.0000000000E+00
   414     1.4120314811E+00   -3.7356740252E-02    0.0000000000E+00
   415     1.5432092529E+00   -3.7929778307E-02    0.0000000000E+00
   416     6.5761176631E-01   -1.2601779174E-02    0.0000000000E+00
   417     7.1319970781E-01   -1.2797036497E-02    0.0000000000E+00
   418     7.7434584894E-01   -1.2922473054E-02    0.0000000000E+00
   419     8.4160538625E-01   -1.2954910228E-02    0.0000000000E+00
   420     9.1558884881E-01   -1.2866968783E-02    0.0000000000E+00
   421     9.9696762481E-01   -1.2627060467E-02    0.0000000000E+00
   422     1.0864800708E+00   -1.2199871224E-02    0.0000000000E+00
   423     1.1849382872E+00   -1.1547687056E-02    0.0000000000E+00
   424     1.2932356557E+00   -1.0633108449E-02    0.0000000000E+00
   425     1.4123552683E+00   -9.4239930619E-03    0.0000000000E+00
   426     1.5433793753E+00   -7.9019119250E-03    0.0000000000E+00
   427     6.5898379906E-01    6.6388362650E-03    0.0000000000E+00
   428     7.1449972825E-01    7.0586817569E-03    0.0000000000E+00
   429     7.7556654887E-01    7.6252976631E-03    0.0000000000E+00
   430     8.4273862050E-01    8.3722702775E-03    0.0000000000E+00
   431     9.1662552087E-01    9.3387194188E-03    0.0000000000E+00
   432     9.9789755963E-01    1.0569363198E-02    0.0000000000E+00
   433     1.0872918800E+00    1.2114013766E-02    0.0000000000E+00
   434     1.1856192341E+00    1.4026095911E-02    0.0000000000E+00
   435     1.2937715351E+00    1.6359554187E-02    0.0000000000E+00
   436     1.4127303245E+00    1.9163173499E-02    0.0000000000E+00
   437     1.5435762911E+00    2.2470821412E-02    0.0000000000E+00
   438     6.6057785719E-01    2.8749186578E-02    0.0000000000E+00
   439     7.1601006500E-01    2.9616891308E-02    0.0000000000E+00
   440     7.7698462819E-01    3.0695579313E-02    0.0000000000E+00
   441     8.4405493069E-01    3.2028067512E-02    0.0000000000E+00
   442     9.1782944762E-01    3.3663764034E-02    0.0000000000E+00
   443     9.9897724906E-01    3.5658701416E-02    0.0000000000E+00
   444     1.0882340961E+00    3.8074907469E-02    0.0000000000E+00
   445     1.1864092204E+00    4.0978654079E-02    0.0000000000E+00
   446     1.2943928959E+00    4.4436874671E-02    0.0000000000E+00
   447     1.4131649468E+00    4.8510666994E-02    0.0000000000E+00
   448     1.5438043366E+00    5.3244233047E-02    0.0000000000E+00
   449     6.6242987200E-01    5.4193693144E-02    0.0000000000E+00
   450     7.1776475444E-01    5.5314947809E-02    0.0000000000E+00
   451     7.7863202969E-01    5.6696600578E-02    0.0000000000E+00
   452     8.4558394462E-01    5.8389331461E-02    0.0000000000E+00
   453     9.1922769669E-01    6.0451149588E-02    0.0000000000E+00
   454     1.0002309286E+00    6.2947292688E-02    0.0000000000E+00
   455     1.0893278233E+00    6.5949352419E-02    0.0000000000E+00
   456     1.1873258926E+00    6.9533120625E-02    0.0000000000E+00
   457     1.2951135719E+00    7.3774387919E-02    0.0000000000E+00
   458     1.4136687750E+00    7.8741534462E-02    0.0000000000E+00
   459     1.5440685497E+00    8.4483166512E-02    0.0000000000E+00
   460     6.6458158963E-01    8.3511936625E-02    0.0000000000E+00
   461     7.1980334131E-01    8.4660986044E-02    0.0000000000E+00
   462     7.8054586550E-01    8.6102655538E-02    0.0000000000E+00
   463     8.4736008519E-01    8.7893899362E-02    0.0000000000E+00
   464     9.2085171594E-01    9.0099367275E-02    0.0000000000E+00
   465     1.0016867557E+00    9.2791051613E-02    0.0000000000E+00
   466     1.0905975815E+00    9.6047026900E-02    0.0000000000E+00
   467     1.1883897526E+00    9.9948739350E-02    0.0000000000E+00
   468     1.2959496359E+00    1.0457603642E-01    0.0000000000E+00
   469     1.4142530091E+00    1.0999873619E-01    0.0000000000E+00
   470     1.5443747835E+00    1.1626295924E-01    0.0000000000E+00
   471     6.6708151238E-01    1.1733082032E-01    0.0000000000E+00
   472     7.2217176981E-01    1.1824537441E-01    0.0000000000E+00
   473     7.8276925394E-01    1.1946479532E-01    0.0000000000E+00
   474     8.4942334581E-01    1.2105046554E-01    0.0000000000E+00
   475     9.2273804281E-01    1.2307139784E-01    0.0000000000E+00
   476     1.0033774448E+00    1.2560349198E-01    0.0000000000E+00
   477     1.0920718584E+00    1.2872772577E-01    0.0000000000E+00
   478     1.1896246206E+00    1.3252670861E-01    0.0000000000E+00
   479     1.2969197613E+00    1.3707876759E-01    0.0000000000E+00
   480     1.4149306614E+00    1.4244836834E-01    0.0000000000E+00
   481     1.5447298384E+00    1.4867114087E-01    0.0000000000E+00
   482     3.2500000000E+00    2.0833333333E-01    0.0000000000E+00
   483     3.2500000000E+00    1.0416666667E-01    0.0000000000E+00
   484     3.2500000000E+00    0.0000000000E+00    0.0000000000E+00
   485     3.2500000000E+00   -1.0416666667E-01    0.0000000000E+00
   486     3.2500000000E+00   -2.0833333333E-01    0.0000000000E+00
   487     1.8617628884E+00   -1.4363512461E-01    0.0000000000E+00
   488     1.8620801856E+00   -7.4523110612E-02    0.0000000000E+00
   489     1.8624986919E+00   -5.3994381769E-03    0.0000000000E+00
   490     1.8620802256E+00    6.3721856500E-02    0.0000000000E+00
   491     1.8617629841E+00    1.3283399118E-01    0.0000000000E+00
   492     1.7746314442E+00   -1.3957843613E-01    0.0000000000E+00
   493     1.7745773901E+00   -1.7303753970E-01    0.0000000000E+00
   494     1.7747107685E+00   -1.0611972324E-01    0.0000000000E+00
   495     1.7749993459E+00   -5.7377553539E-03    0.0000000000E+00
   496     1.7748947194E+00   -3.9199382853E-02    0.0000000000E+00
   497     1.7748947294E+00    2.7723277706E-02    0.0000000000E+00
   498     1.7746314921E+00    1.2810179689E-01    0.0000000000E+00
   499     1.7747108024E+00    9.4643053831E-02    0.0000000000E+00
   500     1.7745774141E+00    1.6156155401E-01    0.0000000000E+00
   501     2.8844994502E+00   -1.9129933341E-01    0.0000000000E+00
   502     2.8845829894E+00   -9.6361994144E-02    0.0000000000E+00
   503     2.8846931754E+00   -1.4215854092E-03    0.0000000000E+00
   504     2.8845829999E+00    9.3518197300E-02    0.0000000000E+00
   505     2.8844994754E+00    1.8845556834E-01    0.0000000000E+00
   506     2.5694127693E+00   -1.7661485071E-01    0.0000000000E+00
   507     2.5695683251E+00   -8.9633828181E-02    0.0000000000E+00
   508     2.5697734991E+00   -2.6470900723E-03    0.0000000000E+00
   509     2.5695683447E+00    8.4338482331E-02    0.0000000000E+00
   510     2.5694128162E+00    1.7131956403E-01    0.0000000000E+00
   511     2.2977863203E+00   -1.6395581389E-01    0.0000000000E+00
   512     2.2980039594E+00   -8.3833685106E-02    0.0000000000E+00
   513     2.2982910194E+00   -3.7035596095E-03    0.0000000000E+00
   514     2.2980039868E+00    7.6424934944E-02    0.0000000000E+00
   515     2.2977863859E+00    1.5654714652E-01    0.0000000000E+00
   516     2.0636255883E+00   -1.5304285113E-01    0.0000000000E+00
   517     2.0638967475E+00   -7.8833561763E-02    0.0000000000E+00
   518     2.0642543991E+00   -4.6143092105E-03    0.0000000000E+00
   519     2.0638967818E+00    6.9602911337E-02    0.0000000000E+00
   520     2.0636256701E+00    1.4381230384E-01    0.0000000000E+00
   521     3.2500000000E+00    1.0040701864E+00    0.0000000000E+00
   522     3.2500000000E+00    7.6601012687E-01    0.0000000000E+00
   523     3.2500000000E+00    5.3556798924E-01    0.0000000000E+00
   524     3.2500000000E+00   -5.3556798924E-01    0.0000000000E+00
   525     3.2500000000E+00   -7.6601012687E-01    0.0000000000E+00
   526     3.2500000000E+00   -1.0040701864E+00    0.0000000000E+00
   527     4.5000000000E+00    1.0000000000E+00    0.0000000000E+00
   528     4.5000000000E+00    7.5000000000E-01    0.0000000000E+00
   529     4.5000000000E+00    5.0000000000E-01    0.0000000000E+00
   530     4.5000000000E+00    2.5000000000E-01    0.0000000000E+00
   531     4.5000000000E+00    0.0000000000E+00    0.0000000000E+00
   532     4.5000000000E+00   -2.5000000000E-01    0.0000000000E+00
   533     4.5000000000E+00   -5.0000000000E-01    0.0000000000E+00
   534     4.5000000000E+00   -7.5000000000E-01    0.0000000000E+00
   535     4.5000000000E+00   -1.0000000000E+00    0.0000000000E+00
   536     3.6562500000E+00    3.1250000000E-01    0.0000000000E+00
   537     3.6562500000E+00   -3.1250000000E-01    0.0000000000E+00
   538     3.6562500000E+00    0.0000000000E+00    0.0000000000E+00
   539     3.4531250000E+00    2.0833333333E-01    0.0000000000E+00
   540     3.4531250000E+00    1.0416666667E-01    0.0000000000E+00
   541     3.4531250000E+00   -1.0416666667E-01    0.0000000000E+00
   542     3.4531250000E+00   -2.0833333333E-01    0.0000000000E+00
   543     4.0781250000E+00    2.8125000000E-01    0.0000000000E+00
   544     4.0794059329E+00    5.1967185929E-01    0.0000000000E+00
   545     3.6587695602E+00    5.3942619112E-01    0.0000000000E+00
   546     4.0807007535E+00    7.6056669206E-01    0.0000000000E+00
   547     3.6613446726E+00    7.7124473731E-01    0.0000000000E+00
   548     4.0820097793E+00    1.0039904288E+00    0.0000000000E+00
   549     3.6639766126E+00    1.0080657203E+00    0.0000000000E+00
   550     4.0781250000E+00   -2.8125000000E-01    0.0000000000E+00
   551     3.6639766126E+00   -1.0080657203E+00    0.0000000000E+00
   552     3.6613446726E+00   -7.7124473731E-01    0.0000000000E+00
   553     3.6587695602E+00   -5.3942619112E-01    0.0000000000E+00
   554     4.0820097793E+00   -1.0039904288E+00    0.0000000000E+00
   555     4.0807007535E+00   -7.6056669206E-01    0.0000000000E+00
   556     4.0794059329E+00   -5.1967185929E-01    0.0000000000E+00
   557     4.0781250000E+00   -1.0842021725E-17    0.0000000000E+00
   558     5.4375000000E+00    1.0000000000E+00    0.0000000000E+00
   559     5.4375000000E+00    7.5000000000E-01    0.0000000000E+00
   560     5.4375000000E+00    5.0000000000E-01    0.0000000000E+00
   561     5.4375000000E+00    2.5000000000E-01    0.0000000000E+00
   562     5.4375000000E+00    0.0000000000E+00    0.0000000000E+00
   563     5.4375000000E+00   -2.5000000000E-01    0.0000000000E+00
   564     5.4375000000E+00   -5.0000000000E-01    0.0000000000E+00
   565     5.4375000000E+00   -7.5000000000E-01    0.0000000000E+00
   566     5.4375000000E+00   -1.0000000000E+00    0.0000000000E+00
   567     4.9687500000E+00   -1.0000000000E+00    0.0000000000E+00
   568     4.9687500000E+00   -7.5000000000E-01    0.0000000000E+00
   569     4.9687500000E+00   -5.0000000000E-01    0.0000000000E+00
   570     4.9687500000E+00   -2.5000000000E-01    0.0000000000E+00
   571     4.9687500000E+00    0.0000000000E+00    0.0000000000E+00
   572     4.9687500000E+00    2.5000000000E-01    0.0000000000E+00
   573     4.9687500000E+00    5.0000000000E-01    0.0000000000E+00
   574     4.9687500000E+00    7.5000000000E-01    0.0000000000E+00
   575     4.9687500000E+00    1.0000000000E+00    0.0000000000E+00
   576    -3.1683565856E-01   -3.1978785546E-02    0.0000000000E+00
   577    -3.8377172453E-01    4.8201881534E-03    0.0000000000E+00
   578    -3.6379574913E-01   -1.1142657346E-02    0.0000000000E+00
   579    -3.4088359245E-01   -2.2810498561E-02    0.0000000000E+00
   580     5.4163028945E-01   -4.8673603937E-02    0.0000000000E+00
   581     5.7321186159E-01   -4.5585113077E-02    0.0000000000E+00
   582    -2.6455399502E-01   -4.6298233175E-02    0.0000000000E+00
   583    -2.0523059163E-01   -5.7147756747E-02    0.0000000000E+00
   584    -1.3862853102E-01   -6.5088751082E-02    0.0000000000E+00
   585    -6.4220343199E-02   -7.0330570861E-02    0.0000000000E+00
   586     1.8689626994E-02   -7.2947797040E-02    0.0000000000E+00
   587     1.1093446378E-01   -7.2956957812E-02    0.0000000000E+00
   588     2.0315409868E-01   -7.0693224065E-02    0.0000000000E+00
   589     2.8603573333E-01   -6.7139149133E-02    0.0000000000E+00
   590     3.6051792549E-01   -6.2897671240E-02    0.0000000000E+00
   591     4.2744898189E-01   -5.8295132949E-02    0.0000000000E+00
   592     4.8759140488E-01   -5.3516215033E-02    0.0000000000E+00
   593    -1.7500000000E+00   -1.2500000000E+00    0.0000000000E+00
   594     2.9406273384E+00   -1.2500000000E+00    0.0000000000E+00
   595     2.6149719051E+00   -1.2500000000E+00    0.0000000000E+00
   596     2.2721767121E+00   -1.2500000000E+00    0.0000000000E+00
   597     1.9113396669E+00   -1.2500000000E+00    0.0000000000E+00
   598     1.5315111983E+00   -1.2500000000E+00    0.0000000000E+00
   599     1.1316917577E+00   -1.2500000000E+00    0.0000000000E+00
   600     7.1082918856E-01   -1.2500000000E+00    0.0000000000E+00
   601     2.6781595789E-01   -1.2500000000E+00    0.0000000000E+00
   602    -1.9851375857E-01   -1.2500000000E+00    0.0000000000E+00
   603    -6.8938714431E-01   -1.2500000000E+00    0.0000000000E+00
   604    -1.2060959714E+00   -1.2500000000E+00    0.0000000000E+00
   605    -1.7500000000E+00    1.2500000000E+00    0.0000000000E+00
   606    -1.2060959714E+00    1.2500000000E+00    0.0000000000E+00
   607    -6.8938714431E-01    1.2500000000E+00    0.0000000000E+00
   608    -1.9851375857E-01    1.2500000000E+00    0.0000000000E+00
   609     2.6781595789E-01    1.2500000000E+00    0.0000000000E+00
   610     7.1082918856E-01    1.2500000000E+00    0.0000000000E+00
   611     1.1316917577E+00    1.2500000000E+00    0.0000000000E+00
   612     1.5315111983E+00    1.2500000000E+00    0.0000000000E+00
   613     1.9113396669E+00    1.2500000000E+00    0.0000000000E+00
   614     2.2721767121E+00    1.2500000000E+00    0.0000000000E+00
   615     2.6149719051E+00    1.2500000000E+00    0.0000000000E+00
   616     2.9406273384E+00    1.2500000000E+00    0.0000000000E+00
   617    -1.7500000000E+00    8.3333333331E-01    0.0000000000E+00
   618    -1.7500000000E+00    4.1666666667E-01    0.0000000000E+00
   619    -1.7500000000E+00    0.0000000000E+00    0.0000000000E+00
   620    -1.7500000000E+00   -4.1666666667E-01    0.0000000000E+00
   621    -1.7500000000E+00   -8.3333333331E-01    0.0000000000E+00
   622     6.5104640644E-01   -1.5711256855E-01    0.0000000000E+00
   623     7.6906246181E-01   -1.6559127483E-01    0.0000000000E+00
   624     7.0444656975E-01   -1.6094902947E-01    0.0000000000E+00
   625     9.1186527706E-01   -1.7585077254E-01    0.0000000000E+00
   626     1.0846600743E+00   -1.8826499292E-01    0.0000000000E+00
   627     9.9005220031E-01   -1.8146802489E-01    0.0000000000E+00
   628     1.2937451711E+00   -2.0328640765E-01    0.0000000000E+00
   629     1.5467415286E+00   -2.2146255113E-01    0.0000000000E+00
   630     1.4082223939E+00   -2.1151085436E-01    0.0000000000E+00
   631     7.0228794850E-01   -1.9212435604E-01    0.0000000000E+00
   632     8.3150358925E-01   -2.0140771849E-01    0.0000000000E+00
   633     9.8786128994E-01   -2.1264112887E-01    0.0000000000E+00
   634     1.1770608953E+00   -2.2623392619E-01    0.0000000000E+00
   635     1.4059991988E+00   -2.4268167249E-01    0.0000000000E+00
   636     5.9550376421E-01   -1.8445257767E-01    0.0000000000E+00
   637     1.6830213268E+00   -2.6258391059E-01    0.0000000000E+00
   638     5.7403764136E-01   -1.0007933371E-01    0.0000000000E+00
   639     5.7369177817E-01   -7.5581775087E-02    0.0000000000E+00
   640     5.7343435758E-01   -5.8083668484E-02    0.0000000000E+00
   641    -2.7792749343E-01   -9.9107394625E-02    0.0000000000E+00
   642    -2.7161115548E-01   -7.5435599700E-02    0.0000000000E+00
   643    -2.6709712088E-01   -5.8527805888E-02    0.0000000000E+00
   644    -2.1580808879E-01   -1.1057459554E-01    0.0000000000E+00
   645    -2.1076313759E-01   -8.6599640537E-02    0.0000000000E+00
   646    -2.0715567627E-01   -6.9475499012E-02    0.0000000000E+00
   647    -1.4653223900E-01   -1.1897802100E-01    0.0000000000E+00
   648    -1.4270957185E-01   -9.4778078525E-02    0.0000000000E+00
   649    -1.3997477734E-01   -7.7493087956E-02    0.0000000000E+00
   650    -6.9624714663E-02   -1.2453334738E-01    0.0000000000E+00
   651    -6.6949831263E-02   -1.0017980557E-01    0.0000000000E+00
   652    -6.5035513038E-02   -8.2784823944E-02    0.0000000000E+00
   653     1.5682735149E-02   -1.2734389318E-01    0.0000000000E+00
   654     1.7251883597E-02   -1.0289419435E-01    0.0000000000E+00
   655     1.8375106046E-02   -8.5430278081E-02    0.0000000000E+00
   656     1.1041831796E-01   -1.2744058276E-01    0.0000000000E+00
   657     1.1083587327E-01   -1.0294414123E-01    0.0000000000E+00
   658     1.1113490656E-01   -8.5446696294E-02    0.0000000000E+00
   659     2.0412071890E-01   -1.2517812173E-01    0.0000000000E+00
   660     2.0383825081E-01   -1.0067975011E-01    0.0000000000E+00
   661     2.0363657368E-01   -8.3180912256E-02    0.0000000000E+00
   662     2.8836247292E-01   -1.2158711782E-01    0.0000000000E+00
   663     2.8743744049E-01   -9.7104587006E-02    0.0000000000E+00
   664     2.8677686509E-01   -7.9617058875E-02    0.0000000000E+00
   665     3.6375645927E-01   -1.1730126846E-01    0.0000000000E+00
   666     3.6239342040E-01   -9.2839213663E-02    0.0000000000E+00
   667     3.6142009333E-01   -7.5366302219E-02    0.0000000000E+00
   668     4.3144004525E-01   -1.1264977854E-01    0.0000000000E+00
   669     4.2971267249E-01   -8.8210748619E-02    0.0000000000E+00
   670     4.2847993873E-01   -7.0754220688E-02    0.0000000000E+00
   671     4.9040508667E-01   -1.0793714084E-01    0.0000000000E+00
   672     4.8918966480E-01   -8.3467307375E-02    0.0000000000E+00
   673     4.8831787685E-01   -6.5989035550E-02    0.0000000000E+00
   674     5.4327232222E-01   -1.0314605099E-01    0.0000000000E+00
   675     5.4256840471E-01   -7.8656165325E-02    0.0000000000E+00
   676     5.4205769546E-01   -6.1163619024E-02    0.0000000000E+00
   677    -4.2118998814E-01   -7.3001760731E-03    0.0000000000E+00
   678    -4.0157969191E-01   -1.4055047518E-03    0.0000000000E+00
   679    -3.9117312558E-01    1.8362637686E-03    0.0000000000E+00
   680    -4.0669661112E-01   -4.4311276728E-02    0.0000000000E+00
   681    -3.8703172846E-01   -2.9698187036E-02    0.0000000000E+00
   682    -3.7306074440E-01   -1.9159610083E-02    0.0000000000E+00
   683    -3.7134700569E-01   -6.7827800856E-02    0.0000000000E+00
   684    -3.5730868355E-01   -4.7748570006E-02    0.0000000000E+00
   685    -3.4730822984E-01   -3.3387479324E-02    0.0000000000E+00
   686    -3.3298448612E-01   -8.4045700688E-02    0.0000000000E+00
   687    -3.2541780019E-01   -6.0743441916E-02    0.0000000000E+00
   688    -3.2001302452E-01   -4.4098971364E-02    0.0000000000E+00
   689     5.8689193001E-01    1.8752411316E-01    0.0000000000E+00
   690     5.2085802913E-01    1.8733127718E-01    0.0000000000E+00
   691     5.5387264150E-01    1.8755735338E-01    0.0000000000E+00
   692     4.5482824166E-01    1.8711607858E-01    0.0000000000E+00
   693     3.8979844737E-01    1.8855522755E-01    0.0000000000E+00
   694     4.2181306656E-01    1.8712695618E-01    0.0000000000E+00
   695     3.2547767656E-01    1.9292912825E-01    0.0000000000E+00
   696     2.6095096339E-01    1.9989250963E-01    0.0000000000E+00
   697     2.9317152492E-01    1.9587475758E-01    0.0000000000E+00
   698     1.9626264758E-01    2.0861139062E-01    0.0000000000E+00
   699     1.3115042238E-01    2.1827042814E-01    0.0000000000E+00
   700     1.6379489332E-01    2.1331251956E-01    0.0000000000E+00
   701     6.5427187619E-02    2.2803993364E-01    0.0000000000E+00
   702    -4.0713202806E-04    2.3698554713E-01    0.0000000000E+00
   703     3.2348423798E-02    2.3285153055E-01    0.0000000000E+00
   704    -6.6746940319E-02    2.4421218268E-01    0.0000000000E+00
   705    -1.3400808448E-01    2.4876818047E-01    0.0000000000E+00
   706    -1.0033119278E-01    2.4730480166E-01    0.0000000000E+00
   707    -2.0138820929E-01    2.4992057326E-01    0.0000000000E+00
   708    -2.6865080216E-01    2.4795362921E-01    0.0000000000E+00
   709    -2.3509144241E-01    2.4960958723E-01    0.0000000000E+00
   710     5.5369002172E-01    2.1880681978E-01    0.0000000000E+00
   711     4.8760885471E-01    2.1835432065E-01    0.0000000000E+00
   712     4.2152656287E-01    2.1837564281E-01    0.0000000000E+00
   713     3.5937716981E-01    2.2119285269E-01    0.0000000000E+00
   714     2.9585721487E-01    2.2700913680E-01    0.0000000000E+00
   715     2.3244697487E-01    2.3493846797E-01    0.0000000000E+00
   716     1.6787538468E-01    2.4429496766E-01    0.0000000000E+00
   717     1.0253493847E-01    2.5421752458E-01    0.0000000000E+00
   718     3.5508284618E-02    2.6394136458E-01    0.0000000000E+00
   719    -3.0054508591E-02    2.7221460707E-01    0.0000000000E+00
   720    -9.8695532331E-02    2.7851196614E-01    0.0000000000E+00
   721    -1.6749504314E-01    2.8148098209E-01    0.0000000000E+00
   722    -2.3633428325E-01    2.8083486299E-01    0.0000000000E+00
   723    -3.0468175205E-01    2.7744977773E-01    0.0000000000E+00
   724     1.5497990489E+00    2.1338542517E-01    0.0000000000E+00
   725     1.3017129345E+00    2.0315521652E-01    0.0000000000E+00
   726     1.4139748658E+00    2.0748481723E-01    0.0000000000E+00
   727     1.0968726207E+00    1.9596156386E-01    0.0000000000E+00
   728     9.2785687187E-01    1.9139749575E-01    0.0000000000E+00
   729     1.0042942382E+00    1.9309751190E-01    0.0000000000E+00
   730     7.8803862037E-01    1.8885018666E-01    0.0000000000E+00
   731     6.7228447688E-01    1.8774688333E-01    0.0000000000E+00
   732     7.2465773519E-01    1.8800289372E-01    0.0000000000E+00
   733     1.4122328814E+00    2.3868622730E-01    0.0000000000E+00
   734     1.1878438349E+00    2.3003426061E-01    0.0000000000E+00
   735     1.0032474717E+00    2.2432997546E-01    0.0000000000E+00
   736     8.5101881869E-01    2.2094491070E-01    0.0000000000E+00
   737     7.2439205081E-01    2.1925176429E-01    0.0000000000E+00
   738     1.6837464639E+00    2.5047962608E-01    0.0000000000E+00
   739     6.1978054153E-01    2.1874059972E-01    0.0000000000E+00
   740     5.6828807876E-01   -1.4425809819E-01    0.0000000000E+00
   741     5.2930184821E-01   -1.5703194108E-01    0.0000000000E+00
   742     4.8024327349E-01   -1.6602149606E-01    0.0000000000E+00
   743     4.2315068993E-01   -1.7542728266E-01    0.0000000000E+00
   744     3.5649022178E-01   -1.8502697701E-01    0.0000000000E+00
   745     2.8012162811E-01   -1.9307545108E-01    0.0000000000E+00
   746     1.9484558044E-01   -1.9759315285E-01    0.0000000000E+00
   747     1.0410117820E-01   -1.9674357333E-01    0.0000000000E+00
   748     1.7091980757E-02   -1.9032797057E-01    0.0000000000E+00
   749    -5.6861129249E-02   -1.8411350872E-01    0.0000000000E+00
   750    -1.2869471559E-01   -1.9382817372E-01    0.0000000000E+00
   751    -2.1383131374E-01   -1.9198096615E-01    0.0000000000E+00
   752    -2.9575409998E-01   -1.6526109439E-01    0.0000000000E+00
   753    -3.5779403814E-01   -1.3092152133E-01    0.0000000000E+00
   754    -4.0201403812E-01   -9.6227613825E-02    0.0000000000E+00
   755    -4.3420177372E-01   -5.7165809046E-02    0.0000000000E+00
   756    -4.4892345694E-01   -1.2310738606E-02    0.0000000000E+00
   757    -4.8212648157E-01   -1.6802236274E-02    0.0000000000E+00
   758    -5.2249090478E-01   -2.0087255796E-02    0.0000000000E+00
   759    -5.7296099138E-01   -2.0336359868E-02    0.0000000000E+00
   760    -6.4058246644E-01   -1.0492549464E-02    0.0000000000E+00
   761    -7.4133499950E-01    4.8014821551E-02    0.0000000000E+00
   762    -6.5770082106E-01    1.5082645529E-01    0.0000000000E+00
   763    -5.5044527840E-01    2.3649033028E-01    0.0000000000E+00
   764    -4.4429123758E-01    2.6129777117E-01    0.0000000000E+00
   765    -3.6887226981E-01    2.6415118217E-01    0.0000000000E+00
   766     5.7675610806E-01   -2.1835636156E-01    0.0000000000E+00
   767     5.2882231071E-01   -2.1528283684E-01    0.0000000000E+00
   768     4.8149886312E-01   -2.2446109172E-01    0.0000000000E+00
   769     4.2595573229E-01   -2.3915031778E-01    0.0000000000E+00
   770     3.5877722608E-01   -2.5492542128E-01    0.0000000000E+00
   771     2.7941149993E-01   -2.6763342199E-01    0.0000000000E+00
   772     1.8986565914E-01   -2.7340452111E-01    0.0000000000E+00
   773     9.5998093431E-02   -2.6903044301E-01    0.0000000000E+00
   774     1.0175735413E-02   -2.5367562043E-01    0.0000000000E+00
   775    -4.8780723584E-02   -2.3316089503E-01    0.0000000000E+00
   776    -9.6637782831E-02   -2.6836359494E-01    0.0000000000E+00
   777    -2.0262296673E-01   -3.0874943879E-01    0.0000000000E+00
   778    -3.3114155932E-01   -2.4065601372E-01    0.0000000000E+00
   779    -3.9752777727E-01   -1.7673827402E-01    0.0000000000E+00
   780    -4.4167656224E-01   -1.2399401859E-01    0.0000000000E+00
   781    -4.7059130927E-01   -7.0945091681E-02    0.0000000000E+00
   782    -5.7696142578E-01   -9.7125357550E-02    0.0000000000E+00
   783    -6.6259001819E-01   -1.0783289475E-01    0.0000000000E+00
   784    -7.9284046706E-01   -9.1443633806E-02    0.0000000000E+00
   785    -7.2036753269E-01    2.7868658083E-01    0.0000000000E+00
   786    -5.6529872119E-01    3.4255813372E-01    0.0000000000E+00
   787    -4.4155084456E-01    3.3883565778E-01    0.0000000000E+00
   788    -3.7648245162E-01    3.1375478316E-01    0.0000000000E+00
   789    -3.2642849602E-01    3.4694707541E-01    0.0000000000E+00
   790    -2.4798179512E-01    3.7045727484E-01    0.0000000000E+00
   791    -1.5756036021E-01    3.7597481165E-01    0.0000000000E+00
   792     7.4707128512E-02    9.2028636175E-01    0.0000000000E+00
   793     9.8877540969E-02    3.0951497152E-01    0.0000000000E+00
   794     2.2360434987E-01    2.8467466063E-01    0.0000000000E+00
   795     3.7403442498E-01    3.7943684950E-01    0.0000000000E+00
   796     4.6676279894E-01    3.0402019901E-01    0.0000000000E+00
   797     5.6258661098E-01    3.3744374682E-01    0.0000000000E+00
   798     7.7572469794E-01    3.6988017604E-01    0.0000000000E+00
   799     9.5182633462E-01    4.0632750990E-01    0.0000000000E+00
   800     1.1513243928E+00    4.4176387099E-01    0.0000000000E+00
   801     1.3801755582E+00    4.6972909153E-01    0.0000000000E+00
   802     1.6255757212E+00    4.9212424876E-01    0.0000000000E+00
   803     1.8377800589E+00    5.2002585971E-01    0.0000000000E+00
   804     1.8555092432E+00    3.4098186963E-01    0.0000000000E+00
   805     1.8383169397E+00   -3.6491235789E-01    0.0000000000E+00
   806     1.7777170719E+00   -5.5664324556E-01    0.0000000000E+00
   807     1.5676576340E+00   -5.0130061734E-01    0.0000000000E+00
   808     1.3050155046E+00   -4.7179625583E-01    0.0000000000E+00
   809     1.0495386644E+00   -4.2857765397E-01    0.0000000000E+00
   810     8.7519461381E-01   -3.5901581424E-01    0.0000000000E+00
   811     7.5724872313E-01   -2.9921618773E-01    0.0000000000E+00
   812     6.6156996281E-01   -2.5738754345E-01    0.0000000000E+00
   813     2.9095667173E+00   -5.2194968889E-01    0.0000000000E+00
   814     2.5919348426E+00   -5.0127240308E-01    0.0000000000E+00
   815     2.3027834278E+00   -4.7281482691E-01    0.0000000000E+00
   816     2.0475204523E+00   -4.3037790105E-01    0.0000000000E+00
   817     2.0449508164E+00    3.7196201126E-01    0.0000000000E+00
   818     2.2673032551E+00    4.4920627713E-01    0.0000000000E+00
   819     2.5724765663E+00    4.9218529377E-01    0.0000000000E+00
   820     2.9024565536E+00    5.1870548572E-01    0.0000000000E+00
   821     2.9295010237E+00   -1.0030593647E+00    0.0000000000E+00
   822     2.9214714707E+00   -7.6007812500E-01    0.0000000000E+00
   823     2.9119122733E+00    7.5769808631E-01    0.0000000000E+00
   824     2.9239891438E+00    1.0022200839E+00    0.0000000000E+00
   825    -1.2630972179E+00   -8.7919981737E-01    0.0000000000E+00
   826    -7.3215431769E-01   -8.9630602175E-01    0.0000000000E+00
   827    -2.2600126948E-01   -1.0269196716E+00    0.0000000000E+00
   828     1.4841371208E-01   -1.0509439310E+00    0.0000000000E+00
   829     5.1566457476E-01   -1.0295075612E+00    0.0000000000E+00
   830     9.8750359069E-01   -9.5649758162E-01    0.0000000000E+00
   831     1.4912518105E+00   -9.7413533569E-01    0.0000000000E+00
   832     2.2643671854E+00   -9.7432645913E-01    0.0000000000E+00
   833     2.6031405921E+00   -9.9437407737E-01    0.0000000000E+00
   834     2.5873340573E+00    9.9296972712E-01    0.0000000000E+00
   835     2.2304644384E+00    9.7633883181E-01    0.0000000000E+00
   836     1.8945427721E+00    9.8731507381E-01    0.0000000000E+00
   837     1.5734424877E+00    9.8209155344E-01    0.0000000000E+00
   838     1.2622794299E+00    9.5502365331E-01    0.0000000000E+00
   839     9.8819658150E-01    8.8805885875E-01    0.0000000000E+00
   840     8.0447365194E-01    7.3864654044E-01    0.0000000000E+00
   841     4.7344271974E-01    7.9460141656E-01    0.0000000000E+00
   842    -7.4009347044E-01    9.5985152863E-01    0.0000000000E+00
   843    -1.1934333116E+00    9.1870197025E-01    0.0000000000E+00
   844    -1.1384594293E+00    6.0606063594E-01    0.0000000000E+00
   845    -1.3146801814E+00   -1.7959932880E-01    0.0000000000E+00
   846    -1.3246217906E+00   -5.1359393502E-01    0.0000000000E+00
   847     5.6494167198E-01   -2.7849786724E-01    0.0000000000E+00
   848     5.2892615316E-01   -2.5728213179E-01    0.0000000000E+00
   849     4.9401870215E-01   -2.7663984921E-01    0.0000000000E+00
   850     4.4201272841E-01   -3.0197106084E-01    0.0000000000E+00
   851     3.7317336312E-01   -3.2769706585E-01    0.0000000000E+00
   852     2.8764071039E-01   -3.4783029927E-01    0.0000000000E+00
   853     1.8835417025E-01   -3.5659281941E-01    0.0000000000E+00
   854     8.2145149481E-02   -3.4888197061E-01    0.0000000000E+00
   855    -1.8763325683E-02   -3.2059984761E-01    0.0000000000E+00
   856    -4.5140165649E-01   -2.1452881293E-01    0.0000000000E+00
   857    -4.9180023124E-01   -1.5026923795E-01    0.0000000000E+00
   858    -5.1707479362E-01   -8.4434424094E-02    0.0000000000E+00
   859    -7.6545498581E-01    4.5587413806E-01    0.0000000000E+00
   860     6.0818132607E-01    5.0428600903E-01    0.0000000000E+00
   861     8.6866331431E-01    5.7525589485E-01    0.0000000000E+00
   862     1.0850763024E+00    6.5392543169E-01    0.0000000000E+00
   863     1.3330691624E+00    7.0299535444E-01    0.0000000000E+00
   864     2.0084232516E+00    5.0655210224E-01    0.0000000000E+00
   865     1.9958421601E+00   -6.5681833669E-01    0.0000000000E+00
   866     1.8721757916E+00   -9.2091174069E-01    0.0000000000E+00
   867     1.7119149942E+00   -7.1807901537E-01    0.0000000000E+00
   868     6.8501232350E-01   -3.6497495990E-01    0.0000000000E+00
   869     6.2139232160E-01   -3.1607909916E-01    0.0000000000E+00
   870     2.5995111239E+00   -7.4403492994E-01    0.0000000000E+00
   871     2.5676222148E+00    7.3630256675E-01    0.0000000000E+00
   872     2.1753164195E+00    6.8301852387E-01    0.0000000000E+00
   873     2.2877498079E+00   -7.1418141181E-01    0.0000000000E+00
   874    -9.5859811925E-01   -5.4281842325E-01    0.0000000000E+00
   875    -2.0590565897E-01   -8.2121360488E-01    0.0000000000E+00
   876     7.8815306525E-02   -8.6396133919E-01    0.0000000000E+00
   877     1.1659790211E+00   -6.9969707294E-01    0.0000000000E+00
   878     1.4965584068E+00   -7.2330309556E-01    0.0000000000E+00
   879     6.0572194818E-01   -7.7062931594E-01    0.0000000000E+00
   880    -5.0505380631E-01   -6.9157514231E-01    0.0000000000E+00
   881    -1.0112993930E+00   -2.6139387574E-01    0.0000000000E+00
   882    -9.7345377069E-01   -2.5701338707E-02    0.0000000000E+00
   883    -7.6305678112E-01    6.8878861969E-01    0.0000000000E+00
   884     1.8737361385E+00    7.3476083538E-01    0.0000000000E+00
   885     1.6023004109E+00    7.2874635169E-01    0.0000000000E+00
   886    -3.8992843143E-01    4.2244705077E-01    0.0000000000E+00
   887    -7.8960478669E-01   -2.6776901438E-01    0.0000000000E+00
   888    -7.0236392612E-01   -4.7072165811E-01    0.0000000000E+00
   889    -1.6280382831E-01   -6.5046800606E-01    0.0000000000E+00
   890     5.3333714829E-02   -6.9876793794E-01    0.0000000000E+00
   891     2.5403776778E-01   -6.9642787962E-01    0.0000000000E+00
   892     6.1870381118E-01   -4.6640787319E-01    0.0000000000E+00
   893     7.4280561475E-01   -4.5010398381E-01    0.0000000000E+00
   894     8.0520189050E-01   -6.0166488808E-01    0.0000000000E+00
   895    -3.7526857548E-01   -5.3755100894E-01    0.0000000000E+00
   896    -5.3777770470E-01   -3.5786730378E-01    0.0000000000E+00
   897     6.2510500200E-01   -3.9741216198E-01    0.0000000000E+00
   898     5.7698656846E-01   -3.6397565956E-01    0.0000000000E+00
   899     5.2823799609E-01   -3.2073880672E-01    0.0000000000E+00
   900    -4.0504325179E-01   -3.1092032274E-01    0.0000000000E+00
   901    -2.7692772529E-01   -4.1930120387E-01    0.0000000000E+00
   902     2.1151152799E-01   -5.6443543630E-01    0.0000000000E+00
   903     4.7686574606E-01   -3.6310016640E-01    0.0000000000E+00
   904     4.0476323216E-01   -4.0439220218E-01    0.0000000000E+00
   905     3.0906907940E-01   -4.3675807363E-01    0.0000000000E+00
   906     1.9340217777E-01   -4.5208377167E-01    0.0000000000E+00
   907     6.4894056863E-02   -4.4347428513E-01    0.0000000000E+00
   908    -6.7570581300E-02   -4.0290774304E-01    0.0000000000E+00
   909    -5.0929891996E-01   -2.3656946938E-01    0.0000000000E+00
   910    -1.1478513839E-01   -5.1324255754E-01    0.0000000000E+00
   911     5.3386145458E-01   -4.2145581862E-01    0.0000000000E+00
   912     5.3010663912E-02   -5.5907503122E-01    0.0000000000E+00
   913    -3.1674823099E-01    9.5394926525E-01    0.0000000000E+00
   914    -8.6574242037E-01    1.5786511574E-01    0.0000000000E+00
   915     3.4203669776E-01   -8.4805953325E-01    0.0000000000E+00
   916     4.6203177692E-01   -4.8507669097E-01    0.0000000000E+00
   917     3.5198637054E-01   -5.3714292585E-01    0.0000000000E+00
   918     5.6493005650E-01   -5.6436674121E-01    0.0000000000E+00
   919     4.3249049463E-01   -6.5051155069E-01    0.0000000000E+00
   920    -5.5363028271E-01   -1.7695340549E-01    0.0000000000E+00
   921    -6.3919173925E-01   -2.2993034354E-01    0.0000000000E+00
   922     4.3194186212E-03    3.3232247861E-01    0.0000000000E+00
   923    -6.8132493319E-02    3.6262587998E-01    0.0000000000E+00
   924     4.4831863953E-02    2.9882921456E-01    0.0000000000E+00
   925     2.6931405082E-01    3.2118903900E-01    0.0000000000E+00
   926     1.6817097522E-01    3.0331993356E-01    0.0000000000E+00
   927     6.1002938822E-01    2.6028908554E-01    0.0000000000E+00
   928     5.5686279111E-01    2.6858730848E-01    0.0000000000E+00
   929     6.6056665000E-01    3.0703459868E-01    0.0000000000E+00
   930    -2.0302759224E-03    4.5627525629E-01    0.0000000000E+00
   931     7.5444829375E-02    3.7700200138E-01    0.0000000000E+00
   932     1.8497419609E-01    5.4643176581E-01    0.0000000000E+00
   933     1.8055799168E-01    3.7857261438E-01    0.0000000000E+00
   934     5.0356002665E-01    2.6179814148E-01    0.0000000000E+00
   935    -1.3805934387E-01    4.9771308528E-01    0.0000000000E+00
   936    -7.4763606875E-02    6.7431613312E-01    0.0000000000E+00
   937    -2.7970484518E-01    4.8667391266E-01    0.0000000000E+00
   938    -3.8944939108E-01    6.7615074700E-01    0.0000000000E+00
   939    -5.3741513969E-01    4.8690468453E-01    0.0000000000E+00
   940    -1.0068350191E+00    3.3778866237E-01    0.0000000000E+00
   941    -1.2224686573E+00    1.1583450559E-01    0.0000000000E+00